[TexturePanels]
file = solar\asteroids\rock_shapes.ini

[Field]
cube_size = 180
fill_dist = 850
max_alpha = 1.000000
empty_cube_frequency = 0.300000
tint_field = 115, 115, 115

[Cube]
xaxis_rotation = 0, 0, 0, 0
yaxis_rotation = 0, 30, 0, 195
zaxis_rotation = 0, 0, 180, 0
asteroid = badlands_large1, -0.700000, 0.500000, 0.500000, 3, 135, 0
asteroid = badlands_medium2, -0.400000, -0.400000, -0.700000, 5, 0, 0
asteroid = badlands_small1, 0.300000, -0.650000, 0.200000, 0, 150, 8

[DynamicAsteroids]
asteroid = dasteroid_badlands_small1
count = 60
placement_radius = 200.000000
placement_offset = 150.000000
max_velocity = 250.000000
max_angular_velocity = 6.000000
color_shift = 1.000000, 1.000000, 1.000000
